> source("cachematrix.R")
## [,1]          [,2]          [,3]          [,4]          [,5]
## [1,] -8.139867e-04  9.064369e-04  1.228950e-03 -9.227504e-04 -3.415110e-04
## [2,] -4.138931e-04  3.747649e-04  9.651470e-04 -1.162267e-04 -7.574828e-05
## [3,] -6.227400e-04 -8.624411e-04 -9.502722e-04 -3.514369e-04 -1.593758e-03
## [4,] -1.977356e-04 -9.827919e-04  2.839535e-04 -5.078519e-04  5.495214e-04
## [5,]  1.166939e-03 -6.027444e-04 -5.847597e-05 -3.631432e-04  6.498612e-04
## [6,]  1.019414e-03  7.579872e-04 -4.548037e-04  1.108597e-04  1.094391e-04
## [7,]  2.132940e-04 -1.018296e-03 -7.344055e-04 -6.028637e-04  1.931251e-04
## [8,]  3.830571e-04 -6.087848e-04 -1.384943e-03  6.076651e-04  2.727960e-04
## [9,]  1.266233e-03  6.659556e-05 -1.918067e-03  5.014345e-04 -3.636925e-04
## [10,] -4.305116e-05  5.738193e-04  1.795968e-03 -4.804082e-04  1.244775e-03
## [11,]  1.129045e-04  3.469866e-04 -5.824048e-04  8.793960e-04 -8.012039e-04
## [12,]  3.451353e-05 -2.389702e-04 -3.040551e-04 -4.577838e-06 -1.326849e-04
## [13,]  3.815057e-04 -1.436095e-03 -1.589357e-03 -1.060371e-03  1.216880e-03
## [14,]  1.109201e-03 -1.252530e-03 -7.185095e-04  4.557229e-04  9.585955e-04
## [15,] -1.897208e-04 -7.870040e-04 -1.290015e-03  1.940433e-04 -1.092985e-04
## [16,]  7.911149e-04 -6.918251e-04  9.542870e-04  4.018577e-05  1.564828e-03
## [17,] -2.156861e-04  1.150476e-04  3.054249e-04 -9.123217e-04 -6.457612e-04
## [18,]  7.114839e-05 -4.562517e-04 -9.967754e-04 -6.590759e-04 -2.061481e-04
## [19,]  7.911419e-04 -2.272848e-04 -1.108369e-03 -8.602229e-05  1.696507e-04
## [20,]  5.009933e-06 -1.169807e-03 -1.036298e-03  3.091265e-04  2.529298e-04
## [21,] -2.828555e-04 -8.954812e-04 -5.491653e-04 -7.404511e-04  4.089178e-04
## [22,]  1.273598e-04 -1.085330e-03 -6.103719e-04 -6.471220e-04  1.418210e-03
## [23,] -1.369164e-03  2.937183e-04  1.870766e-03 -5.357426e-05  1.285163e-04
## [24,] -2.147449e-05  9.579228e-04  2.059540e-03 -7.063672e-04  4.257655e-04
## [25,]  2.694775e-04 -1.657460e-03  9.181187e-05 -8.526691e-04  1.266469e-03
## [26,]  3.018420e-04 -2.343691e-05 -8.090516e-04 -1.705478e-04  5.707970e-04
## [27,] -1.354695e-04  2.677266e-04  1.083183e-03 -1.729623e-04  6.095629e-05
## [28,] -7.904088e-04  2.163595e-03  3.279455e-03 -1.893858e-04 -4.502062e-04
## [29,]  2.255672e-04  3.582741e-04  5.390065e-04  6.414334e-04  4.809330e-04
## [30,]  5.426775e-04 -8.429080e-04 -8.324967e-04  4.923037e-05  1.109143e-03
## [31,] -1.565413e-03  1.629057e-04  1.400855e-03 -3.167788e-04 -7.216993e-04
## [32,] -1.331975e-03  4.747002e-04  1.222427e-03  2.349672e-05 -8.944390e-04
## [33,] -1.660294e-04  5.399234e-05 -4.411118e-04  9.554035e-04 -5.922170e-04
## [34,] -2.012132e-04  1.094026e-03  3.991474e-04  1.222097e-03  1.074704e-04
## [35,] -2.224708e-05 -2.674187e-04  1.157299e-03  1.705707e-04  3.659950e-04
## [36,]  2.556057e-03 -1.799512e-03 -2.783576e-03  3.126105e-04  4.982980e-04
## [37,]  5.639768e-05  8.089751e-04 -7.685513e-04  1.709062e-04 -1.200044e-03
## [38,] -4.350256e-04 -4.757206e-04  2.441858e-04 -2.495753e-04  1.601825e-03
## [39,]  7.949705e-04 -6.459640e-04 -1.854450e-03  7.819564e-04  3.925719e-04
## [40,] -2.145485e-04  4.026295e-04  2.701482e-04  3.776863e-05 -6.590299e-04
## [41,] -1.914220e-04 -8.672471e-04 -1.653456e-03  3.516285e-04 -2.541962e-04
## [42,] -4.946550e-04  2.592175e-04  8.490015e-04 -3.152436e-04 -4.425403e-04
## [43,]  5.320410e-04 -3.040123e-04 -1.820328e-03  2.948304e-04  6.963515e-04
## [44,] -3.163302e-04 -1.219795e-03  1.734515e-04 -2.476617e-04 -4.282023e-04
## [45,]  8.203985e-04 -5.615263e-05 -1.008881e-03  4.246807e-04 -4.687735e-04
## [46,] -1.176281e-04 -7.649270e-04  2.850520e-04  4.209997e-06  1.009314e-04
## [47,] -3.807062e-04 -1.763227e-04  5.192683e-04 -8.770874e-04 -1.114608e-03
## [48,]  1.100853e-03  3.106646e-04 -3.397410e-04  1.232634e-04 -4.792680e-04
## [49,] -1.983936e-03  1.402476e-03  1.295033e-03 -1.077293e-03 -1.415958e-03
## [50,]  2.242554e-04  7.620501e-04  1.435240e-03  7.765998e-04  4.853747e-04
## [51,]  5.709848e-04 -1.201235e-03 -4.756652e-04 -7.924999e-04  1.028419e-03
## [52,] -8.409400e-04  9.771727e-05  3.256496e-03 -1.345097e-03  1.193661e-03
## [53,]  3.582906e-04  7.881419e-04  3.169306e-04  3.945389e-04 -1.126306e-04
## [54,]  3.817927e-04 -7.352118e-04 -1.247316e-03  9.784627e-04 -1.981987e-04
## [55,]  9.693015e-04 -4.821649e-04 -1.937109e-03  2.797638e-04 -3.072892e-04
## [56,] -6.233729e-05  1.354345e-03  1.122317e-03 -2.738455e-04 -8.339239e-04
## [57,]  1.760139e-04 -9.226609e-04 -1.381354e-03  6.203481e-06 -1.160784e-03
## [58,]  1.681757e-04  9.021932e-04  1.428078e-03  5.531221e-04 -2.632171e-04
## [59,] -2.314176e-04  7.761335e-05  1.331374e-03 -8.332846e-04  7.612593e-04
## [60,] -7.015657e-04  5.496667e-04  1.621178e-03  9.548150e-05 -3.675872e-04
## [61,]  7.055323e-05  6.508172e-04  1.315703e-04  6.939553e-04 -2.122546e-04
## [62,]  1.920853e-04  6.172076e-04  1.998247e-03 -7.621713e-04  4.427721e-04
## [63,]  1.436631e-03 -1.313082e-03 -2.098892e-03 -2.544573e-05  4.598968e-04
## [64,] -5.765281e-04 -2.095505e-05  2.552089e-04 -2.896551e-04 -1.231214e-04
## [,6]          [,7]          [,8]          [,9]         [,10]
